1000
1550 13
3777 860
6980 15
1388 264
3893 7
7555 818
1527 18
493 988
3313 7
8599 97
2896 12
6057 29
9181 4
6124 641
310 6
9066 104
6802 9
2610 997
8456 17
5832 585
767 6
8482 34
8024 15
4532 201
2290 20
5030 820
7626 17
6982 637
6250 12
4449 701
2278 6
1121 357
9060 6
5564 861
431 2
9864 578
1134 4
9841 858
6374 7
9549 446
3853 19
2904 771
2016 15
4636 840
5694 12
1175 13
5303 4
6106 746
8729 5
8229 700
5769 20
3059 636
5492 10
5114 33
9975 18
3232 420
9240 8
1657 535
2372 19
5871 25
1729 10
5091 179
2044 18
7744 671
5570 7
2634 638
3120 5
943 657
4942 9
6829 917
7070 5
5095 681
2547 13
268 661
9395 10
2038 302
9535 4
857 626
1028 2
5053 146
7277 4
638 130
3377 2
5359 274
3988 7
5938 160
4951 10
3718 163
4135 19
1470 355
6476 12
7356 575
6986 14
3940 965
3164 6
7314 368
3030 4
7188 902
9531 11
7428 790
3789 2
927 448
749 10
8939 404
4981 16
4764 634
266 17
3818 341
6682 12
7968 266
9452 9
6637 933
9585 15
1591 995
5426 12
5337 221
8735 4
4304 289
3610 7
718 233
6353 20
2750 385
303 7
2924 591
3379 17
3182 692
8877 13
8015 493
2698 12
3927 82
1327 13
3688 429
8229 9
2248 115
3936 19
3133 972
7502 16
9609 181
1505 4
1141 72
9775 13
417 295
6843 16
3463 64
740 11
4014 619
5708 20
1183 138
2043 13
2127 677
5451 10
8969 770
3844 6
757 677
7461 10
6583 216
2570 4
8590 635
1782 7
5304 485
8497 4
3643 420
3370 14
8141 158
4607 16
7742 826
4581 10
3009 794
1639 18
124 593
8365 10
9037 630
6408 10
6698 805
2382 13
3415 487
7669 5
5082 269
1882 15
6450 915
6192 4
9248 255
7252 3
5548 688
8725 10
4340 448
1432 6
4375 801
7354 9
2380 322
9424 7
613 287
9203 17
4482 287
1620 5
275 309
7825 8
4935 442
8130 13
6670 180
5208 4
296 921
7090 10
4477 205
5742 17
530 526
9002 18
8609 965
3187 13
5639 89
6725 5
8969 327
5435 4
5978 129
7088 2
6770 36
6360 8
8933 105
1735 11
4244 421
6617 9
5344 528
2266 15
3822 519
9747 15
2962 491
1725 13
7372 47
2184 18
3427 150
8700 7
4269 88
3613 14
1212 354
2961 14
5526 404
6579 9
7900 806
3877 16
6999 902
7533 2
6446 383
8241 2
9120 357
3518 13
2398 14
2742 16
6331 365
6218 8
4404 665
9348 16
1460 710
3501 17
7473 270
7431 2
7352 608
783 8
6925 9
3966 7
5799 744
8590 11
8755 689
1214 19
388 845
2627 2
2962 242
7423 2
604 53
6483 10
4652 297
5251 12
5228 661
8504 19
1409 725
4548 3
9007 353
8107 13
819 638
9198 7
3104 687
8700 14
6501 987
9541 7
3396 163
7884 8
9935 236
9107 12
1871 86
18 20
9135 587
3190 5
4053 956
8606 12
3320 480
8780 5
5978 237
5191 2
6304 92
2286 8
7105 902
6803 3
6006 215
1258 20
6222 350
211 15
2192 214
6201 2
7400 506
7467 5
2608 666
3494 15
6429 82
3766 19
6119 81
8783 16
8923 31
6614 19
7845 950
5509 4
5498 769
5774 15
1823 936
284 6
3131 424
6292 17
348 56
7026 12
1173 122
5859 15
3194 89
513 19
226 331
9749 20
7701 475
8489 17
3679 17
7238 18
2588 105
1074 9
1623 158
4160 6
3502 135
1449 10
8328 310
1964 19
1949 851
6342 11
8659 962
2948 9
7698 803
2261 8
2050 471
3229 6
9723 584
3058 11
1667 880
9667 13
4754 349
6194 8
4775 418
7306 11
9690 667
1600 8
6088 748
7410 9
2335 564
1513 12
1872 107
8076 16
9042 640
2939 13
4702 888
2229 7
6425 705
2536 2
9283 550
4273 17
9840 255
23 19
6771 643
6064 3
3454 830
2545 16
8668 397
6919 17
1754 19
1121 11
1518 22
2262 2
4475 632
1844 17
7341 158
5433 16
8340 815
5811 3
2887 892
3271 10
2153 66
8017 17
6436 212
7584 10
3848 920
7347 6
4757 161
6011 5
756 925
5692 5
322 774
7980 2
2930 197
6474 16
2015 614
4861 15
1912 353
7690 14
6868 331
5591 13
330 707
2431 15
5249 102
669 6
6295 113
452 16
187 867
1628 14
8573 532
1636 13
6901 531
1106 12
8429 10
9862 2
6773 618
2362 3
7445 347
8539 2
3233 813
5048 10
4622 504
2494 20
6635 489
4276 7
1277 387
5794 14
1463 846
3341 9
4751 690
7890 19
7710 385
4976 6
5042 737
7846 9
5425 415
504 11
4745 819
1206 11
9821 590
2937 14
4095 44
5627 13
8334 938
8151 17
4873 837
958 8
2642 176
4088 9
5798 131
2309 4
1179 367
7620 7
8513 680
5 17
657 208
2135 3
8023 333
3012 14
9431 290
2143 2
9906 837
9590 5
9032 139
6582 12
1962 451
2403 7
4407 780
1766 14
5198 199
7604 8
1063 178
6957 14
3850 413
8145 13
185 259
288 17
3387 968
8989 6
9905 652
9951 17
7164 438
7710 8
8727 75
841 2
3949 559
6130 10
4534 679
448 10
5757 275
4367 18
8878 879
2383 17
4530 973
7386 8
9645 350
9005 5
6041 128
1082 8
5245 430
1396 14
6717 262
6908 5
6963 69
2337 17
8650 734
8660 15
1357 622
2495 14
5117 540
9376 10
3568 198
7921 4
7798 613
7079 20
7275 974
4939 2
8703 609
7945 9
1905 744
4735 12
3335 209
786 17
7141 136
3281 15
5864 983
7018 2
3740 330
1742 15
6643 379
7282 5
9998 645
4259 4
6771 505
716 18
5187 430
8285 4
1549 581
5916 7
5054 949
7297 17
4556 554
3051 4
1955 498
6183 3
9964 826
8865 3
2036 559
5013 9
1678 882
6537 10
7531 621
1738 11
243 998
7767 11
9553 325
2564 7
2081 286
2402 14
6757 913
8984 9
8399 694
9386 19
7323 286
1944 4
6478 605
8569 15
9653 528
9438 6
4310 298
1542 13
4971 394
4321 6
6070 366
7437 12
1657 711
5898 19
620 745
3194 9
6033 897
9646 13
6321 619
9222 16
4871 278
2219 2
2215 521
5746 17
568 674
587 18
3140 105
5814 11
7147 349
7556 5
9698 581
8411 17
2237 870
944 3
6270 455
881 6
5175 726
3025 6
9562 346
7277 6
8836 347
3117 15
2238 262
9476 11
6994 12
9853 5
483 946
5125 7
2671 449
3980 18
8936 338
2785 4
663 703
555 19
4578 28
6705 9
2046 522
8093 16
5103 365
6370 3
7302 161
1491 14
836 222
3206 17
1738 821
8799 16
8397 904
7486 11
3743 448
1986 18
2223 865
8085 14
4863 710
4902 9
3744 785
4765 4
3844 114
5180 11
5573 907
4537 19
1922 656
686 11
1269 519
2080 3
8915 224
9683 4
9107 842
5404 3
3944 703
6638 15
7927 102
1436 18
4008 229
6448 3
1352 912
9593 8
671 146
6295 6
4800 878
9654 12
8792 289
4850 16
7103 382
4571 14
6909 922
5084 6
8961 966
6604 11
5838 942
5251 7
6740 636
3166 14
5120 962
2053 18
7835 455
3633 3
7394 10
875 9
5087 687
1893 8
3004 729
3182 10
6199 225
1283 12
1892 952
5577 5
1375 994
2393 15
4554 883
2765 16
2503 313
1717 15
1230 603
4392 3
740 811
4663 8
5965 129
2059 16
6684 698
551 17
2578 488
7206 11
7572 155
6798 18
395 562
7217 20
2310 551
9145 19
7877 148
6207 12
2525 989
5063 19
1416 733
3355 20
3167 717
3027 12
9087 983
6048 20
2534 224
1488 17
8759 938
8528 8
3989 26
960 6
7561 937
3185 16
4387 6
1277 15
1720 220
2957 2
4888 240
6982 13
8919 22
6984 12
5874 251
7083 6
3527 387
8405 13
9634 718
5732 9
2881 141
3630 3
9866 202
5773 11
5889 158
2823 9
1064 474
1101 15
9185 345
4137 19
9259 973
2394 2
9532 913
6652 2
6513 955
6359 19
4002 368
6660 7
7598 511
8156 19
3865 350
613 11
7134 584
3965 10
2502 279
4080 13
2023 283
897 12
3623 942
719 10
2634 474
9528 13
9770 717
3205 11
1323 93
7205 18
8691 484
9170 14
2234 977
4846 15
7586 534
9199 14
5397 280
1162 5
346 954
5506 15
1661 688
2317 6
7572 640
1501 10
9585 96
6785 9
2873 664
6803 4
5440 632
6193 16
6924 614
8985 8
8189 975
4043 11
1082 569
7864 4
4580 203
6876 14
4757 603
7398 9
3432 402
8968 12
2840 797
7762 18
121 738
4009 12
2049 24
5715 16
5843 304
1475 12
9304 734
6017 13
2222 929
2387 8
1267 227
4023 20
3021 994
7354 11
1463 602
6844 10
8125 302
8626 15
196 841
3115 2
6801 875
9313 17
279 993
2691 18
4573 516
2182 20
7564 289
6889 9
5545 925
9149 18
2061 481
8589 6
3195 559
3062 20
4258 512
5780 11
765 855
3513 7
6773 8
6247 10
3984 758
3537 19
984 644
8484 19
7371 435
3535 8
9975 150
2319 18
8393 540
2910 9
7908 687
59 8
133 234
2419 9
2479 431
954 12
3445 559
4361 18
1267 399
957 8
3179 421
771 7
5670 132
9025 19
1173 265
3064 2
6975 776
4104 9
5750 332
6716 16
1539 656
1041 11
8511 214
5763 15
949 923
1117 18
3914 359
9984 5
4031 936
9997 15
7295 315
4284 9
2535 499
4080 19
7613 422
2863 7
4815 814
485 18
2008 623
5805 9
5670 356
9788 8
7863 576
5518 3
1483 14
7097 9
4926 703
5750 12
2470 963
2095 17
6975 881
5584 15
1564 344
7818 19
5020 357
6527 6
3247 464
2976 19
8789 786
9354 5
6710 450
1752 16
533 426
5447 17
33 922
5788 8
5202 30
1499 12
144 443
336 13
1994 601
2203 11
5880 831
9052 18
6374 306
7642 10
7559 781
1071 13
3245 511
7446 17
6762 946
6635 3
956 182
5080 10
153 255
2613 15
4981 834
3737 5
2697 611
8231 20
3898 262
8506 9
5265 665
9547 5
2444 139
8138 6
2929 354
7521 15
1961 596
7687 4
4367 111
611 15
4170 536
6558 8
6192 670
8641 16
659 451
1544 3
3073 48
7136 8
786 929
1073 17
2748 198
6654 19
1193 38
3174 9
7342 576
1257 20
7187 714
4730 7
2601 329